0.000000000
0.032059145
0.035964904
0.034008610
0.029970285
0.035538954
0.035466309
0.036649603
0.033553577
0.029186769
0.031852385
0.033414991
0.031652806
0.027735296
0.026031736
0.029610424
0.030970603
0.033253689
0.034809457
0.038843396
0.030750847
0.037988600
0.027288659
0.036602436
0.037593870
0.027765234
0.036971426
0.030562274
0.037862230
0.037881690
4.287562030
5.025683600
5.017512285
5.021007981
5.026111493
5.022239946
5.033243868
5.035893919
5.035588336
5.020624924
5.019434029
5.027946034
5.024682714
5.021768484
5.024553659
5.023057930
5.022921239
5.024058412
5.023786862
5.026664993
5.024070461
5.019556666
5.022433946
5.024275024
5.020297378
5.028661628
5.022634991
5.024657629
5.018583584
5.021316775
